Texts:

"859
85 C Bakery Cafe
5-L Serramonte Center
Daly City, CA 94015
(650)992-8585
Chk: 03745
2
To Go
CD1217 CZARINA
0024-03
2018/03/22 17:00:55
1 Brioche
1 Mango Bread
1 Milk Pudding
1 85C Coffee Bread
1 Milk Butter Puff
2.75
2.50
1.85
3.05
1.95
SUBTOTAL
TAX
OTAL
12.10
0.00
12.10
CreditCard
12.10
0.00
XXXXXXXXXXXX9046 12.10
CHANGE
2
"
bounds: (0,17),(854,17),(854,1542),(0,1542)

"859"
bounds: (303,33),(488,17),(496,110),(311,127)

"85"
bounds: (145,203),(236,199),(239,277),(148,281)

"C"
bounds: (237,199),(279,197),(282,275),(240,277)

"Bakery"
bounds: (317,213),(502,205),(504,255),(319,263)

"Cafe"
bounds: (516,192),(652,186),(654,228),(518,234)

"5-L"
bounds: (202,325),(258,320),(261,358),(205,363)

"Serramonte"
bounds: (278,323),(457,307),(461,348),(282,364)

"Center"
bounds: (478,305),(591,295),(594,333),(481,343)

"Daly"
bounds: (222,370),(298,363),(302,407),(226,414)

"City,"
bounds: (318,372),(402,365),(405,398),(321,405)

"CA"
bounds: (424,354),(461,351),(464,383),(427,386)

"94015"
bounds: (481,348),(574,340),(577,378),(484,386)

"(650)992-8585"
bounds: (286,419),(518,388),(523,424),(291,456)

"Chk:"
bounds: (621,486),(692,477),(696,509),(625,518)

"03745"
bounds: (718,471),(814,459),(819,495),(723,508)

"2"
bounds: (765,467),(775,467),(776,499),(766,499)

"To"
bounds: (49,522),(79,522),(79,553),(49,553)

"Go"
bounds: (94,517),(128,517),(128,549),(94,549)

"CD1217"
bounds: (57,612),(152,606),(154,640),(59,646)

"CZARINA"
bounds: (180,603),(306,595),(308,630),(182,638)

"0024-03"
bounds: (63,659),(168,650),(170,682),(66,691)

"2018/03/22"
bounds: (461,632),(649,616),(653,656),(465,673)

"17:00:55"
bounds: (673,614),(826,601),(830,637),(676,651)

"1"
bounds: (82,746),(89,746),(90,778),(83,778)

"Brioche"
bounds: (112,745),(229,740),(230,773),(113,778)

"1"
bounds: (83,793),(92,792),(94,822),(85,823)

"Mango"
bounds: (112,793),(198,788),(200,822),(114,827)

"Bread"
bounds: (216,785),(307,780),(309,813),(218,818)

"1"
bounds: (90,835),(101,835),(101,865),(90,865)

"Milk"
bounds: (120,832),(186,831),(186,864),(120,865)

"Pudding"
bounds: (205,829),(329,828),(329,864),(205,865)

"1"
bounds: (90,879),(99,879),(99,908),(90,908)

"85C"
bounds: (119,877),(172,877),(172,906),(119,906)

"Coffee"
bounds: (189,874),(296,874),(296,906),(189,906)

"Bread"
bounds: (314,870),(403,870),(403,905),(314,905)

"1"
bounds: (82,921),(92,921),(92,950),(82,950)

"Milk"
bounds: (114,915),(180,915),(180,950),(114,950)

"Butter"
bounds: (201,919),(314,919),(314,950),(201,950)

"Puff"
bounds: (333,915),(402,915),(402,948),(333,948)

"2.75"
bounds: (714,708),(795,701),(798,736),(717,743)

"2.50"
bounds: (720,751),(799,751),(799,789),(720,789)

"1.85"
bounds: (726,804),(800,798),(803,831),(729,838)

"3.05"
bounds: (726,853),(804,846),(807,882),(729,889)

"1.95"
bounds: (736,894),(813,897),(811,937),(734,934)

"SUBTOTAL"
bounds: (94,1055),(237,1047),(239,1084),(96,1092)

"TAX"
bounds: (90,1100),(141,1096),(144,1127),(93,1132)

"OTAL"
bounds: (80,1142),(158,1139),(160,1180),(82,1183)

"12.10"
bounds: (723,1034),(826,1038),(824,1074),(722,1070)

"0.00"
bounds: (744,1084),(831,1092),(827,1128),(741,1121)

"12.10"
bounds: (728,1136),(835,1141),(833,1180),(726,1175)

"CreditCard"
bounds: (37,1222),(244,1240),(241,1279),(34,1261)

"12.10"
bounds: (734,1247),(844,1247),(844,1289),(734,1289)

"0.00"
bounds: (758,1363),(854,1362),(854,1404),(758,1405)

"XXXXXXXXXXXX9046"
bounds: (263,1463),(650,1480),(647,1533),(261,1516)

"12.10"
bounds: (697,1482),(854,1489),(852,1542),(695,1535)

"CHANGE"
bounds: (5,1324),(131,1340),(126,1379),(0,1363)

"2"
bounds: (562,1435),(576,1436),(572,1531),(558,1530)
